sn1993ag   0.0500 0.0500 0.000 36.77300262 0.15314868 0.00 0.00 0.00 0.00 0.00 0.00 0.00
sn1993o    0.0529 0.0529 0.000 36.82414246 0.14845422 0.00 0.00 0.00 0.00 0.00 0.00 0.00
sn1993h    0.0251 0.0251 0.000 35.16781616 0.16542093 0.00 0.00 0.00 0.00 0.00 0.00 0.00
sn1993b    0.0701 0.0701 0.000 37.56774139 0.15403068 0.00 0.00 0.00 0.00 0.00 0.00 0.00
sn1992bs   0.0627 0.0627 0.000 37.55158234 0.14531714 0.00 0.00 0.00 0.00 0.00 0.00 0.00
sn1992br   0.0876 0.0876 0.000 38.19156647 0.15949501 0.00 0.00 0.00 0.00 0.00 0.00 0.00
sn1992bp   0.0786 0.0786 0.000 37.52127075 0.14742933 0.00 0.00 0.00 0.00 0.00 0.00 0.00
sn1992bo   0.0172 0.0172 0.000 34.65466690 0.18802595 0.00 0.00 0.00 0.00 0.00 0.00 0.00
sn1992bl   0.0422 0.0422 0.000 36.35865402 0.15231213 0.00 0.00 0.00 0.00 0.00 0.00 0.00
sn1992bh   0.0453 0.0453 0.000 36.65661240 0.14875828 0.00 0.00 0.00 0.00 0.00 0.00 0.00
sn1992bc   0.0196 0.0196 0.000 34.51823807 0.17908131 0.00 0.00 0.00 0.00 0.00 0.00 0.00
sn1992aq   0.1009 0.1009 0.000 38.50881195 0.14527909 0.00 0.00 0.00 0.00 0.00 0.00 0.00
sn1992ag   0.0273 0.0273 0.000 35.23005676 0.17193954 0.00 0.00 0.00 0.00 0.00 0.00 0.00
sn1992ae   0.0746 0.0746 0.000 37.66636276 0.14793135 0.00 0.00 0.00 0.00 0.00 0.00 0.00
sn1992p    0.0265 0.0265 0.000 35.51996994 0.18286490 0.00 0.00 0.00 0.00 0.00 0.00 0.00
sn1990af   0.0499 0.0499 0.000 36.69996643 0.14653061 0.00 0.00 0.00 0.00 0.00 0.00 0.00
sn1990o    0.0306 0.0306 0.000 35.54045486 0.16162460 0.00 0.00 0.00 0.00 0.00 0.00 0.00
sn2001cz   0.0163 0.0163 0.000 34.09245300 0.14477523 0.00 0.00 0.00 0.00 0.00 0.00 0.00
sn2001cn   0.0154 0.0154 0.000 34.03298569 0.15059754 0.00 0.00 0.00 0.00 0.00 0.00 0.00
sn2001ba   0.0305 0.0305 0.000 35.58181381 0.09200671 0.00 0.00 0.00 0.00 0.00 0.00 0.00
sn2000ca   0.0245 0.0245 0.000 34.95771790 0.10908569 0.00 0.00 0.00 0.00 0.00 0.00 0.00
sn2000bh   0.0240 0.0240 0.000 34.93552017 0.11562521 0.00 0.00 0.00 0.00 0.00 0.00 0.00
sn1999gp   0.0260 0.0260 0.000 35.35662460 0.10678490 0.00 0.00 0.00 0.00 0.00 0.00 0.00
sn1993ac   0.0489 0.0489 0.000 36.63911057 0.17669821 0.00 0.00 0.00 0.00 0.00 0.00 0.00
sn1994m    0.0243 0.0243 0.000 35.07949066 0.18643840 0.00 0.00 0.00 0.00 0.00 0.00 0.00
sn1994s    0.0152 0.0152 0.000 34.20411301 0.22551808 0.00 0.00 0.00 0.00 0.00 0.00 0.00
sn1994t    0.0357 0.0357 0.000 36.10505295 0.18809417 0.00 0.00 0.00 0.00 0.00 0.00 0.00
sn1995ac   0.0488 0.0488 0.000 36.35073471 0.16696198 0.00 0.00 0.00 0.00 0.00 0.00 0.00
sn1995ak   0.0220 0.0220 0.000 34.88112259 0.19625877 0.00 0.00 0.00 0.00 0.00 0.00 0.00
sn1996c    0.0275 0.0275 0.000 35.67358398 0.18150730 0.00 0.00 0.00 0.00 0.00 0.00 0.00
sn1996ab   0.1244 0.1244 0.000 38.95216370 0.16801779 0.00 0.00 0.00 0.00 0.00 0.00 0.00
sn1996bl   0.0360 0.0360 0.000 35.82603455 0.17377856 0.00 0.00 0.00 0.00 0.00 0.00 0.00
sn1996bv   0.0167 0.0167 0.000 34.15926743 0.20935270 0.00 0.00 0.00 0.00 0.00 0.00 0.00
sn1996bo   0.0163 0.0163 0.000 34.11447906 0.20988430 0.00 0.00 0.00 0.00 0.00 0.00 0.00
sn2000fa   0.0218 0.0218 0.000 34.90485001 0.28260887 0.00 0.00 0.00 0.00 0.00 0.00 0.00
sn2000dk   0.0165 0.0165 0.000 34.18183136 0.29221207 0.00 0.00 0.00 0.00 0.00 0.00 0.00
sn2000cn   0.0232 0.0232 0.000 35.11727905 0.27662221 0.00 0.00 0.00 0.00 0.00 0.00 0.00
sn2000cf   0.0365 0.0365 0.000 36.11427689 0.26725066 0.00 0.00 0.00 0.00 0.00 0.00 0.00
sn1999gd   0.0193 0.0193 0.000 35.15599442 0.28569546 0.00 0.00 0.00 0.00 0.00 0.00 0.00
sn1999ek   0.0176 0.0176 0.000 34.39435577 0.30888274 0.00 0.00 0.00 0.00 0.00 0.00 0.00
sn1999cc   0.0315 0.0315 0.000 35.73460770 0.27071303 0.00 0.00 0.00 0.00 0.00 0.00 0.00
sn1998eg   0.0235 0.0235 0.000 35.18702698 0.27888513 0.00 0.00 0.00 0.00 0.00 0.00 0.00
sn1998ef   0.0167 0.0167 0.000 33.88781357 0.29256746 0.00 0.00 0.00 0.00 0.00 0.00 0.00
sn1998dx   0.0537 0.0537 0.000 36.45590591 0.26835117 0.00 0.00 0.00 0.00 0.00 0.00 0.00
sn1998co   0.0170 0.0170 0.000 34.26779938 0.29091081 0.00 0.00 0.00 0.00 0.00 0.00 0.00
sn1998ab   0.0279 0.0279 0.000 35.03401947 0.27300805 0.00 0.00 0.00 0.00 0.00 0.00 0.00
sn1998v    0.0172 0.0172 0.000 34.18604279 0.29325891 0.00 0.00 0.00 0.00 0.00 0.00 0.00
sn1997dg   0.0300 0.0300 0.000 35.95895004 0.27386647 0.00 0.00 0.00 0.00 0.00 0.00 0.00
sn1997y    0.0166 0.0166 0.000 34.37640381 0.29236820 0.00 0.00 0.00 0.00 0.00 0.00 0.00
sn1999aa   0.0150 0.0150 0.000 34.09599686 0.14590448 0.00 0.00 0.00 0.00 0.00 0.00 0.00
sn1999ao   0.0544 0.0544 0.000 36.96861267 0.07719346 0.00 0.00 0.00 0.00 0.00 0.00 0.00
sn1999ar   0.1561 0.1561 0.000 39.29445648 0.05996639 0.00 0.00 0.00 0.00 0.00 0.00 0.00
sn1999aw   0.0393 0.0393 0.000 36.30552673 0.07174978 0.00 0.00 0.00 0.00 0.00 0.00 0.00
sn1999bi   0.1241 0.1241 0.000 38.81001282 0.07159717 0.00 0.00 0.00 0.00 0.00 0.00 0.00
sn1999bm   0.1441 0.1441 0.000 39.05282211 0.06344356 0.00 0.00 0.00 0.00 0.00 0.00 0.00
sn1999bn   0.1299 0.1299 0.000 38.99561310 0.06318229 0.00 0.00 0.00 0.00 0.00 0.00 0.00
sn1999bp   0.0784 0.0784 0.000 37.78100586 0.06811537 0.00 0.00 0.00 0.00 0.00 0.00 0.00
sn1996h    0.6200 0.6200 0.000 43.20662308 0.37432167 0.00 0.00 0.00 0.00 0.00 0.00 0.00
sn1996i    0.5700 0.5700 0.000 42.62995148 0.32939714 0.00 0.00 0.00 0.00 0.00 0.00 0.00
sn1996j    0.3000 0.3000 0.000 40.90685654 0.32266146 0.00 0.00 0.00 0.00 0.00 0.00 0.00
sn1996k    0.3800 0.3800 0.000 41.98144913 0.29467499 0.00 0.00 0.00 0.00 0.00 0.00 0.00
sn1996u    0.4300 0.4300 0.000 42.28653336 0.35394430 0.00 0.00 0.00 0.00 0.00 0.00 0.00
sn1995ao   0.2400 0.2400 0.000 40.92039490 0.60469151 0.00 0.00 0.00 0.00 0.00 0.00 0.00
sn1995ap   0.3000 0.3000 0.000 40.15245438 0.46318075 0.00 0.00 0.00 0.00 0.00 0.00 0.00
sn1996t    0.2400 0.2400 0.000 40.89415359 0.28150859 0.00 0.00 0.00 0.00 0.00 0.00 0.00
sn1997ce   0.4400 0.4400 0.000 42.01895523 0.29091242 0.00 0.00 0.00 0.00 0.00 0.00 0.00
sn1997cj   0.5000 0.5000 0.000 42.42511749 0.28503221 0.00 0.00 0.00 0.00 0.00 0.00 0.00
sn1997ck   0.9700 0.9700 0.000 43.08418655 0.74258214 0.00 0.00 0.00 0.00 0.00 0.00 0.00
sn1995k    0.4790 0.4790 0.000 42.25932693 0.30535334 0.00 0.00 0.00 0.00 0.00 0.00 0.00
sn1997ap   0.8300 0.8300 0.000 43.49348831 0.37209803 0.00 0.00 0.00 0.00 0.00 0.00 0.00
sn1997am   0.4160 0.4160 0.000 42.04220963 0.43961209 0.00 0.00 0.00 0.00 0.00 0.00 0.00
sn1997aj   0.5810 0.5810 0.000 41.98048019 0.42258173 0.00 0.00 0.00 0.00 0.00 0.00 0.00
sn1997ai   0.4500 0.4500 0.000 41.79652786 0.36790010 0.00 0.00 0.00 0.00 0.00 0.00 0.00
sn1997af   0.5790 0.5790 0.000 43.11027145 0.56240320 0.00 0.00 0.00 0.00 0.00 0.00 0.00
sn1997ac   0.3200 0.3200 0.000 41.18854904 0.33969080 0.00 0.00 0.00 0.00 0.00 0.00 0.00
sn1997r    0.6570 0.6570 0.000 43.08129501 0.54944444 0.00 0.00 0.00 0.00 0.00 0.00 0.00
sn1997p    0.4720 0.4720 0.000 42.09907150 0.46999475 0.00 0.00 0.00 0.00 0.00 0.00 0.00
sn1997o    0.3740 0.3740 0.000 43.11534119 0.69441760 0.00 0.00 0.00 0.00 0.00 0.00 0.00
sn1997h    0.5260 0.5260 0.000 42.01330948 0.40247345 0.00 0.00 0.00 0.00 0.00 0.00 0.00
sn1997g    0.7630 0.7630 0.000 44.36571121 0.88546628 0.00 0.00 0.00 0.00 0.00 0.00 0.00
sn1997f    0.5800 0.5800 0.000 42.93988037 0.39514276 0.00 0.00 0.00 0.00 0.00 0.00 0.00
sn1996cn   0.4300 0.4300 0.000 41.88998032 0.39329332 0.00 0.00 0.00 0.00 0.00 0.00 0.00
sn1996cm   0.4500 0.4500 0.000 42.28251266 0.42265034 0.00 0.00 0.00 0.00 0.00 0.00 0.00
sn1996cl   0.8280 0.8280 0.000 44.20301819 0.61191815 0.00 0.00 0.00 0.00 0.00 0.00 0.00
sn1996ck   0.6560 0.6560 0.000 43.18155289 0.52870810 0.00 0.00 0.00 0.00 0.00 0.00 0.00
sn1996ci   0.4950 0.4950 0.000 42.12050247 0.39827409 0.00 0.00 0.00 0.00 0.00 0.00 0.00
sn1996cg   0.4900 0.4900 0.000 41.82171249 0.35525122 0.00 0.00 0.00 0.00 0.00 0.00 0.00
sn1996cf   0.5700 0.5700 0.000 42.74257278 0.39543888 0.00 0.00 0.00 0.00 0.00 0.00 0.00
sn1995ba   0.3880 0.3880 0.000 42.09697342 0.37073430 0.00 0.00 0.00 0.00 0.00 0.00 0.00
sn1995az   0.4500 0.4500 0.000 42.21281815 0.37725621 0.00 0.00 0.00 0.00 0.00 0.00 0.00
sn1995ay   0.4800 0.4800 0.000 42.12662506 0.40349042 0.00 0.00 0.00 0.00 0.00 0.00 0.00
sn1995ax   0.6150 0.6150 0.000 42.61087418 0.52086473 0.00 0.00 0.00 0.00 0.00 0.00 0.00
sn1995aw   0.4000 0.4000 0.000 42.10776901 0.38204360 0.00 0.00 0.00 0.00 0.00 0.00 0.00
sn1995at   0.6550 0.6550 0.000 42.33050919 0.49624619 0.00 0.00 0.00 0.00 0.00 0.00 0.00
sn1995as   0.4980 0.4980 0.000 43.02961349 0.45117986 0.00 0.00 0.00 0.00 0.00 0.00 0.00
sn1995ar   0.4650 0.4650 0.000 41.83756638 0.67774069 0.00 0.00 0.00 0.00 0.00 0.00 0.00
sn1995aq   0.4530 0.4530 0.000 42.68558502 0.38854754 0.00 0.00 0.00 0.00 0.00 0.00 0.00
sn1994g    0.4250 0.4250 0.000 41.30108261 0.36645362 0.00 0.00 0.00 0.00 0.00 0.00 0.00
sn1999fw   0.2780 0.2780 0.000 40.67297745 0.20573369 0.00 0.00 0.00 0.00 0.00 0.00 0.00
sn1999fn   0.4770 0.4770 0.000 42.00716782 0.14950354 0.00 0.00 0.00 0.00 0.00 0.00 0.00
sn1999fm   0.9500 0.9500 0.000 43.69726181 0.27443787 0.00 0.00 0.00 0.00 0.00 0.00 0.00
sn1999fk   1.0570 1.0570 0.000 44.07873917 0.21158442 0.00 0.00 0.00 0.00 0.00 0.00 0.00
sn1999fj   0.8160 0.8160 0.000 43.79512405 0.42398062 0.00 0.00 0.00 0.00 0.00 0.00 0.00
sn1999ff   0.4550 0.4550 0.000 42.35221481 0.23911159 0.00 0.00 0.00 0.00 0.00 0.00 0.00
sn2002ad   0.5140 0.5140 0.000 42.42754745 0.42758030 0.00 0.00 0.00 0.00 0.00 0.00 0.00
sn2002ab   0.4230 0.4230 0.000 41.61419296 0.23954812 0.00 0.00 0.00 0.00 0.00 0.00 0.00
sn2002aa   0.9460 0.9460 0.000 43.15974808 0.80674112 0.00 0.00 0.00 0.00 0.00 0.00 0.00
sn2002x    0.8590 0.8590 0.000 44.02281189 0.30411160 0.00 0.00 0.00 0.00 0.00 0.00 0.00
sn2002w    1.0310 1.0310 0.000 42.17615891 1.28660178 0.00 0.00 0.00 0.00 0.00 0.00 0.00
sn2001kd   0.9360 0.9360 0.000 44.14888763 0.51833093 0.00 0.00 0.00 0.00 0.00 0.00 0.00
sn2001jp   0.5280 0.5280 0.000 42.35287857 0.24074805 0.00 0.00 0.00 0.00 0.00 0.00 0.00
sn2001jn   0.6450 0.6450 0.000 44.03537369 0.96415257 0.00 0.00 0.00 0.00 0.00 0.00 0.00
sn2001jm   0.9780 0.9780 0.000 43.65264893 0.31296611 0.00 0.00 0.00 0.00 0.00 0.00 0.00
sn2001jh   0.8850 0.8850 0.000 44.17899704 0.46646172 0.00 0.00 0.00 0.00 0.00 0.00 0.00
sn2001jf   0.8150 0.8150 0.000 44.13470840 0.91948432 0.00 0.00 0.00 0.00 0.00 0.00 0.00
sn2001iy   0.5680 0.5680 0.000 42.56101608 0.29330924 0.00 0.00 0.00 0.00 0.00 0.00 0.00
sn2001ix   0.7110 0.7110 0.000 43.24912643 0.24890807 0.00 0.00 0.00 0.00 0.00 0.00 0.00
sn2001iw   0.3396 0.3396 0.000 41.10227203 0.25955340 0.00 0.00 0.00 0.00 0.00 0.00 0.00
sn2001iv   0.3965 0.3965 0.000 41.40840912 0.24055295 0.00 0.00 0.00 0.00 0.00 0.00 0.00
sn2001hy   0.8120 0.8120 0.000 43.81332016 0.28293693 0.00 0.00 0.00 0.00 0.00 0.00 0.00
sn2001hx   0.7990 0.7990 0.000 43.16833496 0.27444890 0.00 0.00 0.00 0.00 0.00 0.00 0.00
sn2001hu   0.8820 0.8820 0.000 42.93332291 0.32484743 0.00 0.00 0.00 0.00 0.00 0.00 0.00
sn2001hs   0.8330 0.8330 0.000 43.40736771 0.34734961 0.00 0.00 0.00 0.00 0.00 0.00 0.00
sn2001fs   0.8740 0.8740 0.000 43.38658142 0.46230838 0.00 0.00 0.00 0.00 0.00 0.00 0.00
sn2001fo   0.7720 0.7720 0.000 43.43548584 0.26341701 0.00 0.00 0.00 0.00 0.00 0.00 0.00
sn2000fr   0.5430 0.5430 0.000 42.39192200 0.13520044 0.00 0.00 0.00 0.00 0.00 0.00 0.00
sn1998bi   0.7500 0.7500 0.000 43.16726685 0.13552395 0.00 0.00 0.00 0.00 0.00 0.00 0.00
sn1998be   0.6400 0.6400 0.000 42.73025513 0.22508219 0.00 0.00 0.00 0.00 0.00 0.00 0.00
sn1998ba   0.4300 0.4300 0.000 42.20284653 0.14345956 0.00 0.00 0.00 0.00 0.00 0.00 0.00
sn1998ay   0.6400 0.6400 0.000 43.18818283 0.18654349 0.00 0.00 0.00 0.00 0.00 0.00 0.00
sn1998ax   0.4970 0.4970 0.000 42.40903473 0.15848877 0.00 0.00 0.00 0.00 0.00 0.00 0.00
sn1998aw   0.4400 0.4400 0.000 41.99644089 0.12776127 0.00 0.00 0.00 0.00 0.00 0.00 0.00
sn1998as   0.3550 0.3550 0.000 41.51671600 0.13096622 0.00 0.00 0.00 0.00 0.00 0.00 0.00
sn1997ez   0.7800 0.7800 0.000 43.49076462 0.15111554 0.00 0.00 0.00 0.00 0.00 0.00 0.00
sn1997eq   0.5400 0.5400 0.000 42.43391037 0.12136680 0.00 0.00 0.00 0.00 0.00 0.00 0.00
sn1997ek   0.8600 0.8600 0.000 43.74510193 0.15615059 0.00 0.00 0.00 0.00 0.00 0.00 0.00
04Eag      1.0200 1.0200 0.000 44.19939804 0.22307560 0.00 0.00 0.00 0.00 0.00 0.00 0.00
04Gre      1.1400 1.1400 0.000 44.28390884 0.28051645 0.00 0.00 0.00 0.00 0.00 0.00 0.00
04Man      0.8540 0.8540 0.000 43.91536713 0.21911249 0.00 0.00 0.00 0.00 0.00 0.00 0.00
04Mcg      1.3700 1.3700 0.000 44.79104614 0.32451323 0.00 0.00 0.00 0.00 0.00 0.00 0.00
04Omb      0.9750 0.9750 0.000 44.22849274 0.20060691 0.00 0.00 0.00 0.00 0.00 0.00 0.00
04Pat      0.9700 0.9700 0.000 44.58423615 0.24042107 0.00 0.00 0.00 0.00 0.00 0.00 0.00
04Rak      0.7400 0.7400 0.000 43.41739273 0.19633177 0.00 0.00 0.00 0.00 0.00 0.00 0.00
04Sas      1.3900 1.3900 0.000 44.82741165 0.59126467 0.00 0.00 0.00 0.00 0.00 0.00 0.00
04Yow      0.4600 0.4600 0.000 42.16150284 0.19052935 0.00 0.00 0.00 0.00 0.00 0.00 0.00
05Fer      1.0200 1.0200 0.000 43.98105240 0.24121699 0.00 0.00 0.00 0.00 0.00 0.00 0.00
05Gab      1.1200 1.1200 0.000 44.24951172 0.24168022 0.00 0.00 0.00 0.00 0.00 0.00 0.00
05Lan      1.2300 1.2300 0.000 44.85226440 0.23625034 0.00 0.00 0.00 0.00 0.00 0.00 0.00
05Red      1.1900 1.1900 0.000 44.12073135 0.24575602 0.00 0.00 0.00 0.00 0.00 0.00 0.00
05Spo      0.8390 0.8390 0.000 43.59719849 0.21177180 0.00 0.00 0.00 0.00 0.00 0.00 0.00
05Str      1.0100 1.0100 0.000 44.44662094 0.19520253 0.00 0.00 0.00 0.00 0.00 0.00 0.00
05Zwi      0.5210 0.5210 0.000 42.43043137 0.19470882 0.00 0.00 0.00 0.00 0.00 0.00 0.00
sn2002dc   0.4750 0.4750 0.000 42.18514633 0.21617958 0.00 0.00 0.00 0.00 0.00 0.00 0.00
sn2002dd   0.9500 0.9500 0.000 43.76984406 0.21295974 0.00 0.00 0.00 0.00 0.00 0.00 0.00
sn2002fw   1.3000 1.3000 0.000 44.94910431 0.35106024 0.00 0.00 0.00 0.00 0.00 0.00 0.00
sn2002hp   1.3050 1.3050 0.000 44.41570663 0.29203185 0.00 0.00 0.00 0.00 0.00 0.00 0.00
sn2002hr   0.5260 0.5260 0.000 43.02117920 0.23451610 0.00 0.00 0.00 0.00 0.00 0.00 0.00
sn2002kd   0.7350 0.7350 0.000 43.11435318 0.18304598 0.00 0.00 0.00 0.00 0.00 0.00 0.00
sn2002ki   1.1400 1.1400 0.000 44.02896118 0.77066135 0.00 0.00 0.00 0.00 0.00 0.00 0.00
sn2003ak   1.5510 1.5510 0.000 45.33173752 0.39590758 0.00 0.00 0.00 0.00 0.00 0.00 0.00
sn2003az   1.2650 1.2650 0.000 44.63126373 0.23196687 0.00 0.00 0.00 0.00 0.00 0.00 0.00
sn2003dy   1.3400 1.3400 0.000 44.95315170 0.25244045 0.00 0.00 0.00 0.00 0.00 0.00 0.00
sn2003eq   0.8400 0.8400 0.000 43.56203079 0.19566157 0.00 0.00 0.00 0.00 0.00 0.00 0.00
03D4au     0.4680 0.4680 0.000 42.49341965 0.15634175 0.00 0.00 0.00 0.00 0.00 0.00 0.00
04D4bk     0.8400 0.8400 0.000 43.35132980 0.32696447 0.00 0.00 0.00 0.00 0.00 0.00 0.00
04D3nr     0.9600 0.9600 0.000 43.58689117 0.42726052 0.00 0.00 0.00 0.00 0.00 0.00 0.00
04D3lu     0.8218 0.8218 0.000 43.53654861 0.34816280 0.00 0.00 0.00 0.00 0.00 0.00 0.00
04D3ki     0.9300 0.9300 0.000 44.63486481 0.68911904 0.00 0.00 0.00 0.00 0.00 0.00 0.00
04D3gt     0.4510 0.4510 0.000 41.84694290 0.13654411 0.00 0.00 0.00 0.00 0.00 0.00 0.00
04D3do     0.6100 0.6100 0.000 42.88269806 0.14610630 0.00 0.00 0.00 0.00 0.00 0.00 0.00
04D3cp     0.8300 0.8300 0.000 44.69223785 0.45796463 0.00 0.00 0.00 0.00 0.00 0.00 0.00
04D2gp     0.7070 0.7070 0.000 43.32028961 0.25095481 0.00 0.00 0.00 0.00 0.00 0.00 0.00
04D2fp     0.4150 0.4150 0.000 41.76968384 0.12867036 0.00 0.00 0.00 0.00 0.00 0.00 0.00
04D1ag     0.5570 0.5570 0.000 42.64754868 0.14625272 0.00 0.00 0.00 0.00 0.00 0.00 0.00
03D4fd     0.7910 0.7910 0.000 43.33485794 0.19213955 0.00 0.00 0.00 0.00 0.00 0.00 0.00
03D4cz     0.6950 0.6950 0.000 43.15595245 0.17715414 0.00 0.00 0.00 0.00 0.00 0.00 0.00
03D4at     0.6330 0.6330 0.000 43.20035172 0.20473313 0.00 0.00 0.00 0.00 0.00 0.00 0.00
03D3bh     0.2486 0.2486 0.000 40.62917709 0.14417034 0.00 0.00 0.00 0.00 0.00 0.00 0.00
03D3af     0.5320 0.5320 0.000 42.65102005 0.19854437 0.00 0.00 0.00 0.00 0.00 0.00 0.00
03D1fc     0.3310 0.3310 0.000 40.92590714 0.12486893 0.00 0.00 0.00 0.00 0.00 0.00 0.00
03D1bp     0.3460 0.3460 0.000 41.28163528 0.13399072 0.00 0.00 0.00 0.00 0.00 0.00 0.00
04D4dw     0.9610 0.9610 0.000 44.08601379 0.54123276 0.00 0.00 0.00 0.00 0.00 0.00 0.00
04D4an     0.6130 0.6130 0.000 42.95771027 0.14705530 0.00 0.00 0.00 0.00 0.00 0.00 0.00
04D3nh     0.3402 0.3402 0.000 41.26279831 0.12421613 0.00 0.00 0.00 0.00 0.00 0.00 0.00
04D3lp     0.9830 0.9830 0.000 43.96860886 0.87380505 0.00 0.00 0.00 0.00 0.00 0.00 0.00
04D3is     0.7100 0.7100 0.000 43.03031158 0.18497665 0.00 0.00 0.00 0.00 0.00 0.00 0.00
04D3fq     0.7300 0.7300 0.000 43.31128693 0.17206116 0.00 0.00 0.00 0.00 0.00 0.00 0.00
04D3df     0.4700 0.4700 0.000 42.29503632 0.14944993 0.00 0.00 0.00 0.00 0.00 0.00 0.00
04D3co     0.6200 0.6200 0.000 43.09585190 0.15052176 0.00 0.00 0.00 0.00 0.00 0.00 0.00
04D2gc     0.5210 0.5210 0.000 42.28133392 0.17170358 0.00 0.00 0.00 0.00 0.00 0.00 0.00
04D2cf     0.3690 0.3690 0.000 41.50994492 0.12712844 0.00 0.00 0.00 0.00 0.00 0.00 0.00
03D4gl     0.5710 0.5710 0.000 42.45639420 0.18478967 0.00 0.00 0.00 0.00 0.00 0.00 0.00
03D4dy     0.6040 0.6040 0.000 42.44229126 0.14259420 0.00 0.00 0.00 0.00 0.00 0.00 0.00
03D4cy     0.9271 0.9271 0.000 44.74382401 0.61667579 0.00 0.00 0.00 0.00 0.00 0.00 0.00
03D4ag     0.2850 0.2850 0.000 40.71171951 0.12880558 0.00 0.00 0.00 0.00 0.00 0.00 0.00
03D3ba     0.2912 0.2912 0.000 40.79360199 0.12832581 0.00 0.00 0.00 0.00 0.00 0.00 0.00
03D1gt     0.5480 0.5480 0.000 42.68455887 0.16311967 0.00 0.00 0.00 0.00 0.00 0.00 0.00
03D1ew     0.8680 0.8680 0.000 43.95513535 0.69704145 0.00 0.00 0.00 0.00 0.00 0.00 0.00
03D1ax     0.4960 0.4960 0.000 42.21943665 0.16044122 0.00 0.00 0.00 0.00 0.00 0.00 0.00
04D4dm     0.8110 0.8110 0.000 44.05576324 0.35653594 0.00 0.00 0.00 0.00 0.00 0.00 0.00
04D3oe     0.7560 0.7560 0.000 43.67204285 0.20410976 0.00 0.00 0.00 0.00 0.00 0.00 0.00
04D3nc     0.8170 0.8170 0.000 43.56784058 0.30503410 0.00 0.00 0.00 0.00 0.00 0.00 0.00
04D3ks     0.7520 0.7520 0.000 43.14350128 0.17904639 0.00 0.00 0.00 0.00 0.00 0.00 0.00
04D3hn     0.5516 0.5516 0.000 42.40729141 0.14684641 0.00 0.00 0.00 0.00 0.00 0.00 0.00
04D3fk     0.3578 0.3578 0.000 41.38942719 0.12574908 0.00 0.00 0.00 0.00 0.00 0.00 0.00
04D3dd     1.0100 1.0100 0.000 44.68961716 0.91041255 0.00 0.00 0.00 0.00 0.00 0.00 0.00
04D2ja     0.7410 0.7410 0.000 43.48202133 0.16125505 0.00 0.00 0.00 0.00 0.00 0.00 0.00
04D2gb     0.4300 0.4300 0.000 41.83728027 0.13849455 0.00 0.00 0.00 0.00 0.00 0.00 0.00
04D1ak     0.5260 0.5260 0.000 42.67368698 0.15179729 0.00 0.00 0.00 0.00 0.00 0.00 0.00
03D4gg     0.5920 0.5920 0.000 42.52419281 0.19707580 0.00 0.00 0.00 0.00 0.00 0.00 0.00
03D4di     0.9050 0.9050 0.000 43.68609619 0.42469504 0.00 0.00 0.00 0.00 0.00 0.00 0.00
03D4cx     0.9490 0.9490 0.000 43.46796799 0.46737948 0.00 0.00 0.00 0.00 0.00 0.00 0.00
03D3cd     0.4607 0.4607 0.000 41.97417450 0.26134548 0.00 0.00 0.00 0.00 0.00 0.00 0.00
03D3ay     0.3709 0.3709 0.000 41.50231934 0.13203301 0.00 0.00 0.00 0.00 0.00 0.00 0.00
03D1fq     0.8000 0.8000 0.000 44.41998291 0.53799194 0.00 0.00 0.00 0.00 0.00 0.00 0.00
03D1co     0.6790 0.6790 0.000 43.41700745 0.17560168 0.00 0.00 0.00 0.00 0.00 0.00 0.00
03D1aw     0.5817 0.5817 0.000 42.83749771 0.18418576 0.00 0.00 0.00 0.00 0.00 0.00 0.00
04D4bq     0.5500 0.5500 0.000 42.39997101 0.15823017 0.00 0.00 0.00 0.00 0.00 0.00 0.00
04D3ny     0.8100 0.8100 0.000 43.72784805 0.49192205 0.00 0.00 0.00 0.00 0.00 0.00 0.00
04D3ml     0.9500 0.9500 0.000 43.78078079 0.42102110 0.00 0.00 0.00 0.00 0.00 0.00 0.00
04D3kr     0.3373 0.3373 0.000 41.18128967 0.12486774 0.00 0.00 0.00 0.00 0.00 0.00 0.00
04D3gx     0.9100 0.9100 0.000 44.40793610 0.39446184 0.00 0.00 0.00 0.00 0.00 0.00 0.00
04D3ez     0.2630 0.2630 0.000 40.63994598 0.12332451 0.00 0.00 0.00 0.00 0.00 0.00 0.00
04D3cy     0.6430 0.6430 0.000 43.01203156 0.16128556 0.00 0.00 0.00 0.00 0.00 0.00 0.00
04D2iu     0.6910 0.6910 0.000 43.14071655 0.17086151 0.00 0.00 0.00 0.00 0.00 0.00 0.00
04D2fs     0.3570 0.3570 0.000 41.35886765 0.12906854 0.00 0.00 0.00 0.00 0.00 0.00 0.00
04D1aj     0.7210 0.7210 0.000 43.12855911 0.18553780 0.00 0.00 0.00 0.00 0.00 0.00 0.00
03D4gf     0.5810 0.5810 0.000 42.79180908 0.14750570 0.00 0.00 0.00 0.00 0.00 0.00 0.00
03D4dh     0.6268 0.6268 0.000 42.70734024 0.14536436 0.00 0.00 0.00 0.00 0.00 0.00 0.00
03D4cn     0.8180 0.8180 0.000 43.57313538 0.56229913 0.00 0.00 0.00 0.00 0.00 0.00 0.00
03D3aw     0.4490 0.4490 0.000 41.90458298 0.15033495 0.00 0.00 0.00 0.00 0.00 0.00 0.00
03D1fl     0.6880 0.6880 0.000 43.04467773 0.17901497 0.00 0.00 0.00 0.00 0.00 0.00 0.00
03D1cm     0.8700 0.8700 0.000 44.08284378 0.49667409 0.00 0.00 0.00 0.00 0.00 0.00 0.00
03D1au     0.5043 0.5043 0.000 42.30458450 0.14177883 0.00 0.00 0.00 0.00 0.00 0.00 0.00
b010       0.5910 0.5910 0.000 43.31387329 0.26737946 0.00 0.00 0.00 0.00 0.00 0.00 0.00
b013       0.4260 0.4260 0.000 41.80666733 0.20445046 0.00 0.00 0.00 0.00 0.00 0.00 0.00
b016       0.3290 0.3290 0.000 41.37577438 0.25327456 0.00 0.00 0.00 0.00 0.00 0.00 0.00
d033       0.5310 0.5310 0.000 43.06296539 0.30107155 0.00 0.00 0.00 0.00 0.00 0.00 0.00
d058       0.5830 0.5830 0.000 42.59933853 0.46124530 0.00 0.00 0.00 0.00 0.00 0.00 0.00
d084       0.5190 0.5190 0.000 43.08985901 0.38524389 0.00 0.00 0.00 0.00 0.00 0.00 0.00
d085       0.4010 0.4010 0.000 41.62141418 0.25972381 0.00 0.00 0.00 0.00 0.00 0.00 0.00
d087       0.3400 0.3400 0.000 41.10029984 0.22330742 0.00 0.00 0.00 0.00 0.00 0.00 0.00
d089       0.4360 0.4360 0.000 41.83554459 0.21939620 0.00 0.00 0.00 0.00 0.00 0.00 0.00
d093       0.3630 0.3630 0.000 41.39917755 0.20687085 0.00 0.00 0.00 0.00 0.00 0.00 0.00
d097       0.4360 0.4360 0.000 41.91860962 0.21436547 0.00 0.00 0.00 0.00 0.00 0.00 0.00
d117       0.3090 0.3090 0.000 41.28546524 0.20604265 0.00 0.00 0.00 0.00 0.00 0.00 0.00
d149       0.3420 0.3420 0.000 41.33356094 0.20174070 0.00 0.00 0.00 0.00 0.00 0.00 0.00
e029       0.3320 0.3320 0.000 41.24285889 0.22396021 0.00 0.00 0.00 0.00 0.00 0.00 0.00
e108       0.4690 0.4690 0.000 42.08694458 0.21948530 0.00 0.00 0.00 0.00 0.00 0.00 0.00
e132       0.2390 0.2390 0.000 40.46636200 0.19316833 0.00 0.00 0.00 0.00 0.00 0.00 0.00
e136       0.3520 0.3520 0.000 41.44020081 0.22263245 0.00 0.00 0.00 0.00 0.00 0.00 0.00
e138       0.6120 0.6120 0.000 42.26013947 0.81915677 0.00 0.00 0.00 0.00 0.00 0.00 0.00
e140       0.6310 0.6310 0.000 42.56652451 0.27009872 0.00 0.00 0.00 0.00 0.00 0.00 0.00
e147       0.6450 0.6450 0.000 42.83153152 0.22803549 0.00 0.00 0.00 0.00 0.00 0.00 0.00
e148       0.4290 0.4290 0.000 41.83216095 0.21793608 0.00 0.00 0.00 0.00 0.00 0.00 0.00
e149       0.4970 0.4970 0.000 42.09007645 0.23056455 0.00 0.00 0.00 0.00 0.00 0.00 0.00
f011       0.5390 0.5390 0.000 42.36213684 0.23507209 0.00 0.00 0.00 0.00 0.00 0.00 0.00
f041       0.5610 0.5610 0.000 42.59881210 0.25476351 0.00 0.00 0.00 0.00 0.00 0.00 0.00
f076       0.4100 0.4100 0.000 41.34809113 0.21723282 0.00 0.00 0.00 0.00 0.00 0.00 0.00
f096       0.4120 0.4120 0.000 41.77580261 0.29494572 0.00 0.00 0.00 0.00 0.00 0.00 0.00
f216       0.5990 0.5990 0.000 42.85447693 0.29062036 0.00 0.00 0.00 0.00 0.00 0.00 0.00
f231       0.6190 0.6190 0.000 42.92469788 0.24662708 0.00 0.00 0.00 0.00 0.00 0.00 0.00
f235       0.4220 0.4220 0.000 41.66786194 0.23823130 0.00 0.00 0.00 0.00 0.00 0.00 0.00
f244       0.5400 0.5400 0.000 42.56562805 0.25477767 0.00 0.00 0.00 0.00 0.00 0.00 0.00
f308       0.4010 0.4010 0.000 42.07281494 0.31207579 0.00 0.00 0.00 0.00 0.00 0.00 0.00
g005       0.2180 0.2180 0.000 40.31794357 0.19843324 0.00 0.00 0.00 0.00 0.00 0.00 0.00
g050       0.6330 0.6330 0.000 42.22564697 0.29630104 0.00 0.00 0.00 0.00 0.00 0.00 0.00
g052       0.3830 0.3830 0.000 41.59255600 0.22809410 0.00 0.00 0.00 0.00 0.00 0.00 0.00
g055       0.3020 0.3020 0.000 41.56601715 0.25928816 0.00 0.00 0.00 0.00 0.00 0.00 0.00
g097       0.3400 0.3400 0.000 41.14387512 0.19996445 0.00 0.00 0.00 0.00 0.00 0.00 0.00
g120       0.5100 0.5100 0.000 41.91881943 0.25830948 0.00 0.00 0.00 0.00 0.00 0.00 0.00
g133       0.4210 0.4210 0.000 41.96576309 0.22878094 0.00 0.00 0.00 0.00 0.00 0.00 0.00
g142       0.3990 0.3990 0.000 41.70875168 0.28376406 0.00 0.00 0.00 0.00 0.00 0.00 0.00
g160       0.4930 0.4930 0.000 42.12291718 0.22910981 0.00 0.00 0.00 0.00 0.00 0.00 0.00
g240       0.6870 0.6870 0.000 42.83221817 0.27936849 0.00 0.00 0.00 0.00 0.00 0.00 0.00
h283       0.5020 0.5020 0.000 41.89925385 0.31349030 0.00 0.00 0.00 0.00 0.00 0.00 0.00
h300       0.6870 0.6870 0.000 42.82168198 0.25027975 0.00 0.00 0.00 0.00 0.00 0.00 0.00
h319       0.4950 0.4950 0.000 42.20216370 0.24500620 0.00 0.00 0.00 0.00 0.00 0.00 0.00
h323       0.6030 0.6030 0.000 42.63541794 0.27389213 0.00 0.00 0.00 0.00 0.00 0.00 0.00
h342       0.4210 0.4210 0.000 42.04438019 0.28074974 0.00 0.00 0.00 0.00 0.00 0.00 0.00
h359       0.3480 0.3480 0.000 41.54946899 0.20487517 0.00 0.00 0.00 0.00 0.00 0.00 0.00
h363       0.2130 0.2130 0.000 40.33999252 0.20464694 0.00 0.00 0.00 0.00 0.00 0.00 0.00
h364       0.3440 0.3440 0.000 41.06796646 0.20021077 0.00 0.00 0.00 0.00 0.00 0.00 0.00
k396       0.2710 0.2710 0.000 40.55363846 0.20646523 0.00 0.00 0.00 0.00 0.00 0.00 0.00
k411       0.5640 0.5640 0.000 42.37597656 0.40094745 0.00 0.00 0.00 0.00 0.00 0.00 0.00
k425       0.2740 0.2740 0.000 40.77404785 0.21621235 0.00 0.00 0.00 0.00 0.00 0.00 0.00
k430       0.5820 0.5820 0.000 43.21371460 0.27899259 0.00 0.00 0.00 0.00 0.00 0.00 0.00
k441       0.6800 0.6800 0.000 42.83189774 0.24790260 0.00 0.00 0.00 0.00 0.00 0.00 0.00
k448       0.4010 0.4010 0.000 41.93013382 0.23536849 0.00 0.00 0.00 0.00 0.00 0.00 0.00
k485       0.4160 0.4160 0.000 41.75218964 0.29516727 0.00 0.00 0.00 0.00 0.00 0.00 0.00
m027       0.2860 0.2860 0.000 41.38742828 0.33458424 0.00 0.00 0.00 0.00 0.00 0.00 0.00
m062       0.3140 0.3140 0.000 41.02090454 0.28797430 0.00 0.00 0.00 0.00 0.00 0.00 0.00
m138       0.5810 0.5810 0.000 43.59947205 0.37708890 0.00 0.00 0.00 0.00 0.00 0.00 0.00
m158       0.4630 0.4630 0.000 41.95460129 0.26545158 0.00 0.00 0.00 0.00 0.00 0.00 0.00
m193       0.3410 0.3410 0.000 41.09204865 0.20970422 0.00 0.00 0.00 0.00 0.00 0.00 0.00
m226       0.6710 0.6710 0.000 42.19360352 0.33154258 0.00 0.00 0.00 0.00 0.00 0.00 0.00
n256       0.6310 0.6310 0.000 42.92610550 0.23218794 0.00 0.00 0.00 0.00 0.00 0.00 0.00
n258       0.5220 0.5220 0.000 42.66902924 0.30489126 0.00 0.00 0.00 0.00 0.00 0.00 0.00
n263       0.3680 0.3680 0.000 41.40665817 0.20474188 0.00 0.00 0.00 0.00 0.00 0.00 0.00
n278       0.3090 0.3090 0.000 40.85073090 0.20772582 0.00 0.00 0.00 0.00 0.00 0.00 0.00
n285       0.5280 0.5280 0.000 42.47874451 0.30537254 0.00 0.00 0.00 0.00 0.00 0.00 0.00
n326       0.2680 0.2680 0.000 40.76954651 0.19755593 0.00 0.00 0.00 0.00 0.00 0.00 0.00
p454       0.6950 0.6950 0.000 42.92073822 0.41358331 0.00 0.00 0.00 0.00 0.00 0.00 0.00
p455       0.2840 0.2840 0.000 40.78498077 0.19987446 0.00 0.00 0.00 0.00 0.00 0.00 0.00
p524       0.5080 0.5080 0.000 42.13755035 0.21295154 0.00 0.00 0.00 0.00 0.00 0.00 0.00
p528       0.7810 0.7810 0.000 43.38255310 0.34113970 0.00 0.00 0.00 0.00 0.00 0.00 0.00
p534       0.6130 0.6130 0.000 42.43029022 0.33309886 0.00 0.00 0.00 0.00 0.00 0.00 0.00
